11    -34    -2    -58    23
4    57    -9    82    -82
8    -19    -92    -41    37
-23    -93    55    -32    -26
27    -90    -44    99    -88
-63    -33    98    75    -39
63    65    -32    -70    -43
-69    -17    -13    -69    29
77    -16    98    78    82
31    -62    9    83    61
68    -17    13    10    -33
-29    -80    83    89    88
-41    35    -56    60    -49
56    31    -83    8    -54
-64    -63    -12    83    -61
58    30    -81    10    30
0    -13    -11    -38    -30
40    -31    56    -7    35
76    -72    -43    25    40
39    -2    -16    97    77
-95    7    29    8    39
84    -43    -72    97    85
-33    -7    29    -13    -37
50    -85    -8    -15    35
-47    -24    2    92    40
74    -33    -89    7    -38
-55    -18    -92    -36    86
-58    -9    -72    73    11
14    -25    65    82    29
-67    29    5    57    -34
-24    -71    -15    10    -90
84    27    -61    -31    82
34    -84    2    15    -48
24    50    -67    86    1
7    -1    -6    30    64
-1    51    -71    -18    -100
-67    -3    -97    42    -60
-84    15    38    -28    -57
-76    -9    40    27    28
35    -52    -78    52    17
-88    7    -16    44    100
-86    34    5    -15    55
-91    17    98    49    -55
-78    42    0    54    -49
75    -88    76    59    -14
-67    -79    -86    -35    48
38    -43    50    16    54
-3    -7    -82    12    22
-47    69    92    -94    -69
-21    -9    10    97    70
84    -97    -58    8    -75
-19    26    -77    29    70
-65    94    -72    -30    34
-66    -21    22    16    -82
72    94    27    -3    69
-7    80    1    -57    -81
92    -35    -100    66    -89
65    84    -40    -85    68
68    -1    18    -99    81
100    -19    -64    -55    -18
-82    -89    80    -23    23
100    40    -37    35    50
-74    -16    79    -50    59
-87    73    84    61    -69
9    32    -36    37    42
-89    -81    89    -86    -41
92    -24    6    98    -53
6    96    31    -37    -55
45    17    19    -56    -58
48    -22    -3    74    43
12    -61    -46    -36    93
-28    -57    7    40    33
60    -61    26    20    94
32    22    -92    92    -95
82    -39    46    -86    -86
-38    -26    -17    -7    -60
-32    96    23    77    -36
-60    9    12    -51    78
-68    -46    -10    17    -24
46    -56    67    92    -33
72    51    16    -90    70
19    -27    -66    3    13
-32    -73    -7    -43    32
-4    -14    67    -39    49
-28    -99    8    -60    40
38    -52    -42    87    56
53    -2    96    -18    96
-97    -79    13    -8    42
7    43    29    -49    -29
60    -35    -72    -68    53
8    60    92    -49    -24
20    36    -30    -4    34
1    28    -33    8    -65
86    -73    74    -48    46
-77    65    36    71    21
-42    -32    94    71    -10
-46    97    26    -2    78
-28    -81    -3    -94    -84
5    86    -69    -62    80
-92    -73    -15    -74    9

